datum	prob	*[+syllabic][+syllabic]	*[+word_boundary][-syllabic]	*[-syllabic][+word_boundary]	*[-word_boundary][+back]	*[-anterior][-high]	*[-high,-back][-word_boundary][+high]	*[+high][-word_boundary][-high]	*[-back,-tense][-word_boundary][-high,-tense]	*[-high][+anterior][+high]	*[+tense][-word_boundary][-high,+tense]	*[+tense][+dorsal][+tense]	*[+tense][-anterior][+tense]	*[-back,-tense][+dorsal][-tense]	*[-back,-tense][-anterior][-tense]	*[-syllabic][-syllabic]	*[+back][+word_boundary]	*[-high,-back][-anterior]
Ese	0.05	0	0	0	0	0	0	0	0	0	0	0	0	0	0	0	0	0
esE	0.05	0	0	0	0	0	0	0	0	0	0	0	0	0	0	0	0	0
ake	0.05	0	0	0	0	0	0	0	0	0	0	0	0	0	0	0	0	0
akE	0.05	0	0	0	0	0	0	0	0	0	0	0	0	0	0	0	0	0
aki	0.05	0	0	0	0	0	0	0	0	0	0	0	0	0	0	0	0	0
akI	0.05	0	0	0	0	0	0	0	0	0	0	0	0	0	0	0	0	0
ase	0.05	0	0	0	0	0	0	0	0	0	0	0	0	0	0	0	0	0
asE	0.05	0	0	0	0	0	0	0	0	0	0	0	0	0	0	0	0	0
Eke	0.05	0	0	0	0	0	0	0	0	0	0	0	0	0	0	0	0	0
ekE	0.05	0	0	0	0	0	0	0	0	0	0	0	0	0	0	0	0	0
Iki	0.05	0	0	0	0	0	0	0	0	0	0	0	0	0	0	0	0	0
ikI	0.05	0	0	0	0	0	0	0	0	0	0	0	0	0	0	0	0	0
ISi	0.05	0	0	0	0	0	0	0	0	0	0	0	0	0	0	0	0	0
iSI	0.05	0	0	0	0	0	0	0	0	0	0	0	0	0	0	0	0	0
aSi	0.05	0	0	0	0	0	0	0	0	0	0	0	0	0	0	0	0	0
aSI	0.05	0	0	0	0	0	0	0	0	0	0	0	0	0	0	0	0	0
isi	0.05	0	0	0	0	0	0	0	0	0	0	0	0	0	0	0	0	0
IsI	0.05	0	0	0	0	0	0	0	0	0	0	0	0	0	0	0	0	0
Isi	0.05	0	0	0	0	0	0	0	0	0	0	0	0	0	0	0	0	0
isI	0.05	0	0	0	0	0	0	0	0	0	0	0	0	0	0	0	0	0
eee	0.0	1	0	0	0	0	0	0	0	0	1	0	0	0	0	0	0	0
eea	0.0	1	0	0	1	0	0	0	0	0	0	0	0	0	0	0	0	0
eeE	0.0	1	0	0	0	0	0	0	0	0	0	0	0	0	0	0	0	0
eek	0.0	1	0	0	0	0	0	0	0	0	0	0	0	0	0	0	0	0
eei	0.0	1	0	0	0	0	1	0	0	0	0	0	0	0	0	0	0	0
eeS	0.0	1	0	0	0	0	0	0	0	0	0	0	0	0	0	0	0	1
eeI	0.0	1	0	0	0	0	1	0	0	0	0	0	0	0	0	0	0	0
ees	0.0	1	0	0	0	0	0	0	0	0	0	0	0	0	0	0	0	0
eae	0.0	1	0	0	1	0	0	0	0	0	1	0	0	0	0	0	0	0
eaa	0.0	1	0	0	1	0	0	0	0	0	0	0	0	0	0	0	0	0
eaE	0.0	1	0	0	1	0	0	0	0	0	0	0	0	0	0	0	0	0
eak	0.0	1	0	0	1	0	0	0	0	0	0	0	0	0	0	0	0	0
eai	0.0	1	0	0	1	0	1	0	0	0	0	0	0	0	0	0	0	0
eaS	0.0	1	0	0	1	0	0	0	0	0	0	0	0	0	0	0	0	0
eaI	0.0	1	0	0	1	0	1	0	0	0	0	0	0	0	0	0	0	0
eas	0.0	1	0	0	1	0	0	0	0	0	0	0	0	0	0	0	0	0
eEe	0.0	1	0	0	0	0	0	0	0	0	1	0	0	0	0	0	0	0
eEa	0.0	1	0	0	1	0	0	0	0	0	0	0	0	0	0	0	0	0
eEE	0.0	1	0	0	0	0	0	0	0	0	0	0	0	0	0	0	0	0
eEk	0.0	1	0	0	0	0	0	0	0	0	0	0	0	0	0	0	0	0
eEi	0.0	1	0	0	0	0	1	0	0	0	0	0	0	0	0	0	0	0
eES	0.0	1	0	0	0	0	0	0	0	0	0	0	0	0	0	0	0	1
eEI	0.0	1	0	0	0	0	1	0	0	0	0	0	0	0	0	0	0	0
eEs	0.0	1	0	0	0	0	0	0	0	0	0	0	0	0	0	0	0	0
eke	0.0	0	0	0	0	0	0	0	0	0	1	1	0	0	0	0	0	0
eka	0.0	0	0	0	1	0	0	0	0	0	0	0	0	0	0	0	0	0
ekk	0.0	0	0	0	0	0	0	0	0	0	0	0	0	0	0	1	0	0
eki	0.0	0	0	0	0	0	1	0	0	0	0	1	0	0	0	0	0	0
ekS	0.0	0	0	0	0	0	0	0	0	0	0	0	0	0	0	1	0	0
ekI	0.0	0	0	0	0	0	1	0	0	0	0	0	0	0	0	0	0	0
eks	0.0	0	0	0	0	0	0	0	0	0	0	0	0	0	0	1	0	0
eie	0.0	1	0	0	0	0	0	0	0	0	1	0	0	0	0	0	0	0
eia	0.0	1	0	0	1	0	0	0	0	0	0	0	0	0	0	0	0	0
eiE	0.0	1	0	0	0	0	0	0	0	0	0	0	0	0	0	0	0	0
eik	0.0	1	0	0	0	0	0	0	0	0	0	0	0	0	0	0	0	0
eii	0.0	1	0	0	0	0	1	0	0	0	0	0	0	0	0	0	0	0
eiS	0.0	1	0	0	0	0	0	0	0	0	0	0	0	0	0	0	0	0
eiI	0.0	1	0	0	0	0	1	0	0	0	0	0	0	0	0	0	0	0
eis	0.0	1	0	0	0	0	0	0	0	0	0	0	0	0	0	0	0	0
eSe	0.0	0	0	0	0	1	0	0	0	0	1	0	1	0	0	0	0	1
eSa	0.0	0	0	0	1	1	0	0	0	0	0	0	0	0	0	0	0	1
eSE	0.0	0	0	0	0	1	0	0	0	0	0	0	0	0	0	0	0	1
eSk	0.0	0	0	0	0	0	0	0	0	0	0	0	0	0	0	1	0	1
eSi	0.0	0	0	0	0	0	1	0	0	0	0	0	1	0	0	0	0	1
eSS	0.0	0	0	0	0	0	0	0	0	0	0	0	0	0	0	1	0	1
eSI	0.0	0	0	0	0	0	1	0	0	0	0	0	0	0	0	0	0	1
eSs	0.0	0	0	0	0	0	0	0	0	0	0	0	0	0	0	1	0	1
eIe	0.0	1	0	0	0	0	0	0	0	0	1	0	0	0	0	0	0	0
eIa	0.0	1	0	0	1	0	0	0	0	0	0	0	0	0	0	0	0	0
eIE	0.0	1	0	0	0	0	0	0	0	0	0	0	0	0	0	0	0	0
eIk	0.0	1	0	0	0	0	0	0	0	0	0	0	0	0	0	0	0	0
eIi	0.0	1	0	0	0	0	1	0	0	0	0	0	0	0	0	0	0	0
eIS	0.0	1	0	0	0	0	0	0	0	0	0	0	0	0	0	0	0	0
eII	0.0	1	0	0	0	0	1	0	0	0	0	0	0	0	0	0	0	0
eIs	0.0	1	0	0	0	0	0	0	0	0	0	0	0	0	0	0	0	0
ese	0.0	0	0	0	0	0	0	0	0	0	1	0	0	0	0	0	0	0
esa	0.0	0	0	0	1	0	0	0	0	0	0	0	0	0	0	0	0	0
esk	0.0	0	0	0	0	0	0	0	0	0	0	0	0	0	0	1	0	0
esi	0.0	0	0	0	0	0	1	0	0	1	0	0	0	0	0	0	0	0
esS	0.0	0	0	0	0	0	0	0	0	0	0	0	0	0	0	1	0	0
esI	0.0	0	0	0	0	0	1	0	0	1	0	0	0	0	0	0	0	0
ess	0.0	0	0	0	0	0	0	0	0	0	0	0	0	0	0	1	0	0
aee	0.0	1	0	0	0	0	0	0	0	0	0	0	0	0	0	0	0	0
aea	0.0	1	0	0	1	0	0	0	0	0	0	0	0	0	0	0	0	0
aeE	0.0	1	0	0	0	0	0	0	0	0	0	0	0	0	0	0	0	0
aek	0.0	1	0	0	0	0	0	0	0	0	0	0	0	0	0	0	0	0
aei	0.0	1	0	0	0	0	0	0	0	0	0	0	0	0	0	0	0	0
aeS	0.0	1	0	0	0	0	0	0	0	0	0	0	0	0	0	0	0	1
aeI	0.0	1	0	0	0	0	0	0	0	0	0	0	0	0	0	0	0	0
aes	0.0	1	0	0	0	0	0	0	0	0	0	0	0	0	0	0	0	0
aae	0.0	1	0	0	1	0	0	0	0	0	0	0	0	0	0	0	0	0
aaa	0.0	1	0	0	1	0	0	0	0	0	0	0	0	0	0	0	0	0
aaE	0.0	1	0	0	1	0	0	0	0	0	0	0	0	0	0	0	0	0
aak	0.0	1	0	0	1	0	0	0	0	0	0	0	0	0	0	0	0	0
aai	0.0	1	0	0	1	0	0	0	0	0	0	0	0	0	0	0	0	0
aaS	0.0	1	0	0	1	0	0	0	0	0	0	0	0	0	0	0	0	0
aaI	0.0	1	0	0	1	0	0	0	0	0	0	0	0	0	0	0	0	0
aas	0.0	1	0	0	1	0	0	0	0	0	0	0	0	0	0	0	0	0
aEe	0.0	1	0	0	0	0	0	0	0	0	0	0	0	0	0	0	0	0
aEa	0.0	1	0	0	1	0	0	0	0	0	0	0	0	0	0	0	0	0
aEE	0.0	1	0	0	0	0	0	0	0	0	0	0	0	0	0	0	0	0
aEk	0.0	1	0	0	0	0	0	0	0	0	0	0	0	0	0	0	0	0
aEi	0.0	1	0	0	0	0	0	0	0	0	0	0	0	0	0	0	0	0
aES	0.0	1	0	0	0	0	0	0	0	0	0	0	0	0	0	0	0	1
aEI	0.0	1	0	0	0	0	0	0	0	0	0	0	0	0	0	0	0	0
aEs	0.0	1	0	0	0	0	0	0	0	0	0	0	0	0	0	0	0	0
aka	0.0	0	0	0	1	0	0	0	0	0	0	0	0	0	0	0	0	0
akk	0.0	0	0	0	0	0	0	0	0	0	0	0	0	0	0	1	0	0
akS	0.0	0	0	0	0	0	0	0	0	0	0	0	0	0	0	1	0	0
aks	0.0	0	0	0	0	0	0	0	0	0	0	0	0	0	0	1	0	0
aie	0.0	1	0	0	0	0	0	0	0	0	0	0	0	0	0	0	0	0
aia	0.0	1	0	0	1	0	0	0	0	0	0	0	0	0	0	0	0	0
aiE	0.0	1	0	0	0	0	0	0	0	0	0	0	0	0	0	0	0	0
aik	0.0	1	0	0	0	0	0	0	0	0	0	0	0	0	0	0	0	0
aii	0.0	1	0	0	0	0	0	0	0	0	0	0	0	0	0	0	0	0
aiS	0.0	1	0	0	0	0	0	0	0	0	0	0	0	0	0	0	0	0
aiI	0.0	1	0	0	0	0	0	0	0	0	0	0	0	0	0	0	0	0
ais	0.0	1	0	0	0	0	0	0	0	0	0	0	0	0	0	0	0	0
aSe	0.0	0	0	0	0	1	0	0	0	0	0	0	0	0	0	0	0	0
aSa	0.0	0	0	0	1	1	0	0	0	0	0	0	0	0	0	0	0	0
aSE	0.0	0	0	0	0	1	0	0	0	0	0	0	0	0	0	0	0	0
aSk	0.0	0	0	0	0	0	0	0	0	0	0	0	0	0	0	1	0	0
aSS	0.0	0	0	0	0	0	0	0	0	0	0	0	0	0	0	1	0	0
aSs	0.0	0	0	0	0	0	0	0	0	0	0	0	0	0	0	1	0	0
aIe	0.0	1	0	0	0	0	0	0	0	0	0	0	0	0	0	0	0	0
aIa	0.0	1	0	0	1	0	0	0	0	0	0	0	0	0	0	0	0	0
aIE	0.0	1	0	0	0	0	0	0	0	0	0	0	0	0	0	0	0	0
aIk	0.0	1	0	0	0	0	0	0	0	0	0	0	0	0	0	0	0	0
aIi	0.0	1	0	0	0	0	0	0	0	0	0	0	0	0	0	0	0	0
aIS	0.0	1	0	0	0	0	0	0	0	0	0	0	0	0	0	0	0	0
aII	0.0	1	0	0	0	0	0	0	0	0	0	0	0	0	0	0	0	0
aIs	0.0	1	0	0	0	0	0	0	0	0	0	0	0	0	0	0	0	0
asa	0.0	0	0	0	1	0	0	0	0	0	0	0	0	0	0	0	0	0
ask	0.0	0	0	0	0	0	0	0	0	0	0	0	0	0	0	1	0	0
asi	0.0	0	0	0	0	0	0	0	0	1	0	0	0	0	0	0	0	0
asS	0.0	0	0	0	0	0	0	0	0	0	0	0	0	0	0	1	0	0
asI	0.0	0	0	0	0	0	0	0	0	1	0	0	0	0	0	0	0	0
ass	0.0	0	0	0	0	0	0	0	0	0	0	0	0	0	0	1	0	0
Eee	0.0	1	0	0	0	0	0	0	0	0	0	0	0	0	0	0	0	0
Eea	0.0	1	0	0	1	0	0	0	1	0	0	0	0	0	0	0	0	0
EeE	0.0	1	0	0	0	0	0	0	1	0	0	0	0	0	0	0	0	0
Eek	0.0	1	0	0	0	0	0	0	0	0	0	0	0	0	0	0	0	0
Eei	0.0	1	0	0	0	0	1	0	0	0	0	0	0	0	0	0	0	0
EeS	0.0	1	0	0	0	0	0	0	0	0	0	0	0	0	0	0	0	1
EeI	0.0	1	0	0	0	0	1	0	0	0	0	0	0	0	0	0	0	0
Ees	0.0	1	0	0	0	0	0	0	0	0	0	0	0	0	0	0	0	0
Eae	0.0	1	0	0	1	0	0	0	0	0	0	0	0	0	0	0	0	0
Eaa	0.0	1	0	0	1	0	0	0	1	0	0	0	0	0	0	0	0	0
EaE	0.0	1	0	0	1	0	0	0	1	0	0	0	0	0	0	0	0	0
Eak	0.0	1	0	0	1	0	0	0	0	0	0	0	0	0	0	0	0	0
Eai	0.0	1	0	0	1	0	1	0	0	0	0	0	0	0	0	0	0	0
EaS	0.0	1	0	0	1	0	0	0	0	0	0	0	0	0	0	0	0	0
EaI	0.0	1	0	0	1	0	1	0	0	0	0	0	0	0	0	0	0	0
Eas	0.0	1	0	0	1	0	0	0	0	0	0	0	0	0	0	0	0	0
EEe	0.0	1	0	0	0	0	0	0	0	0	0	0	0	0	0	0	0	0
EEa	0.0	1	0	0	1	0	0	0	1	0	0	0	0	0	0	0	0	0
EEE	0.0	1	0	0	0	0	0	0	1	0	0	0	0	0	0	0	0	0
EEk	0.0	1	0	0	0	0	0	0	0	0	0	0	0	0	0	0	0	0
EEi	0.0	1	0	0	0	0	1	0	0	0	0	0	0	0	0	0	0	0
EES	0.0	1	0	0	0	0	0	0	0	0	0	0	0	0	0	0	0	1
EEI	0.0	1	0	0	0	0	1	0	0	0	0	0	0	0	0	0	0	0
EEs	0.0	1	0	0	0	0	0	0	0	0	0	0	0	0	0	0	0	0
Eka	0.0	0	0	0	1	0	0	0	1	0	0	0	0	1	0	0	0	0
EkE	0.0	0	0	0	0	0	0	0	1	0	0	0	0	1	0	0	0	0
Ekk	0.0	0	0	0	0	0	0	0	0	0	0	0	0	0	0	1	0	0
Eki	0.0	0	0	0	0	0	1	0	0	0	0	0	0	0	0	0	0	0
EkS	0.0	0	0	0	0	0	0	0	0	0	0	0	0	0	0	1	0	0
EkI	0.0	0	0	0	0	0	1	0	0	0	0	0	0	1	0	0	0	0
Eks	0.0	0	0	0	0	0	0	0	0	0	0	0	0	0	0	1	0	0
Eie	0.0	1	0	0	0	0	0	0	0	0	0	0	0	0	0	0	0	0
Eia	0.0	1	0	0	1	0	0	0	1	0	0	0	0	0	0	0	0	0
EiE	0.0	1	0	0	0	0	0	0	1	0	0	0	0	0	0	0	0	0
Eik	0.0	1	0	0	0	0	0	0	0	0	0	0	0	0	0	0	0	0
Eii	0.0	1	0	0	0	0	1	0	0	0	0	0	0	0	0	0	0	0
EiS	0.0	1	0	0	0	0	0	0	0	0	0	0	0	0	0	0	0	0
EiI	0.0	1	0	0	0	0	1	0	0	0	0	0	0	0	0	0	0	0
Eis	0.0	1	0	0	0	0	0	0	0	0	0	0	0	0	0	0	0	0
ESe	0.0	0	0	0	0	1	0	0	0	0	0	0	0	0	0	0	0	1
ESa	0.0	0	0	0	1	1	0	0	1	0	0	0	0	0	1	0	0	1
ESE	0.0	0	0	0	0	1	0	0	1	0	0	0	0	0	1	0	0	1
ESk	0.0	0	0	0	0	0	0	0	0	0	0	0	0	0	0	1	0	1
ESi	0.0	0	0	0	0	0	1	0	0	0	0	0	0	0	0	0	0	1
ESS	0.0	0	0	0	0	0	0	0	0	0	0	0	0	0	0	1	0	1
ESI	0.0	0	0	0	0	0	1	0	0	0	0	0	0	0	1	0	0	1
ESs	0.0	0	0	0	0	0	0	0	0	0	0	0	0	0	0	1	0	1
EIe	0.0	1	0	0	0	0	0	0	0	0	0	0	0	0	0	0	0	0
EIa	0.0	1	0	0	1	0	0	0	1	0	0	0	0	0	0	0	0	0
EIE	0.0	1	0	0	0	0	0	0	1	0	0	0	0	0	0	0	0	0
EIk	0.0	1	0	0	0	0	0	0	0	0	0	0	0	0	0	0	0	0
EIi	0.0	1	0	0	0	0	1	0	0	0	0	0	0	0	0	0	0	0
EIS	0.0	1	0	0	0	0	0	0	0	0	0	0	0	0	0	0	0	0
EII	0.0	1	0	0	0	0	1	0	0	0	0	0	0	0	0	0	0	0
EIs	0.0	1	0	0	0	0	0	0	0	0	0	0	0	0	0	0	0	0
Esa	0.0	0	0	0	1	0	0	0	1	0	0	0	0	0	0	0	0	0
EsE	0.0	0	0	0	0	0	0	0	1	0	0	0	0	0	0	0	0	0
Esk	0.0	0	0	0	0	0	0	0	0	0	0	0	0	0	0	1	0	0
Esi	0.0	0	0	0	0	0	1	0	0	1	0	0	0	0	0	0	0	0
EsS	0.0	0	0	0	0	0	0	0	0	0	0	0	0	0	0	1	0	0
EsI	0.0	0	0	0	0	0	1	0	0	1	0	0	0	0	0	0	0	0
Ess	0.0	0	0	0	0	0	0	0	0	0	0	0	0	0	0	1	0	0
kee	0.0	1	0	0	0	0	0	0	0	0	0	0	0	0	0	0	0	0
kea	0.0	1	0	0	1	0	0	0	0	0	0	0	0	0	0	0	0	0
keE	0.0	1	0	0	0	0	0	0	0	0	0	0	0	0	0	0	0	0
kek	0.0	0	0	0	0	0	0	0	0	0	0	0	0	0	0	0	0	0
kei	0.0	1	0	0	0	0	0	0	0	0	0	0	0	0	0	0	0	0
keS	0.0	0	0	0	0	0	0	0	0	0	0	0	0	0	0	0	0	1
keI	0.0	1	0	0	0	0	0	0	0	0	0	0	0	0	0	0	0	0
kes	0.0	0	0	0	0	0	0	0	0	0	0	0	0	0	0	0	0	0
kae	0.0	1	0	0	1	0	0	0	0	0	0	0	0	0	0	0	0	0
kaa	0.0	1	0	0	1	0	0	0	0	0	0	0	0	0	0	0	0	0
kaE	0.0	1	0	0	1	0	0	0	0	0	0	0	0	0	0	0	0	0
kak	0.0	0	0	0	1	0	0	0	0	0	0	0	0	0	0	0	0	0
kai	0.0	1	0	0	1	0	0	0	0	0	0	0	0	0	0	0	0	0
kaS	0.0	0	0	0	1	0	0	0	0	0	0	0	0	0	0	0	0	0
kaI	0.0	1	0	0	1	0	0	0	0	0	0	0	0	0	0	0	0	0
kas	0.0	0	0	0	1	0	0	0	0	0	0	0	0	0	0	0	0	0
kEe	0.0	1	0	0	0	0	0	0	0	0	0	0	0	0	0	0	0	0
kEa	0.0	1	0	0	1	0	0	0	0	0	0	0	0	0	0	0	0	0
kEE	0.0	1	0	0	0	0	0	0	0	0	0	0	0	0	0	0	0	0
kEk	0.0	0	0	0	0	0	0	0	0	0	0	0	0	0	0	0	0	0
kEi	0.0	1	0	0	0	0	0	0	0	0	0	0	0	0	0	0	0	0
kES	0.0	0	0	0	0	0	0	0	0	0	0	0	0	0	0	0	0	1
kEI	0.0	1	0	0	0	0	0	0	0	0	0	0	0	0	0	0	0	0
kEs	0.0	0	0	0	0	0	0	0	0	0	0	0	0	0	0	0	0	0
kke	0.0	0	0	0	0	0	0	0	0	0	0	0	0	0	0	1	0	0
kka	0.0	0	0	0	1	0	0	0	0	0	0	0	0	0	0	1	0	0
kkE	0.0	0	0	0	0	0	0	0	0	0	0	0	0	0	0	1	0	0
kkk	0.0	0	0	0	0	0	0	0	0	0	0	0	0	0	0	1	0	0
kki	0.0	0	0	0	0	0	0	0	0	0	0	0	0	0	0	1	0	0
kkS	0.0	0	0	0	0	0	0	0	0	0	0	0	0	0	0	1	0	0
kkI	0.0	0	0	0	0	0	0	0	0	0	0	0	0	0	0	1	0	0
kks	0.0	0	0	0	0	0	0	0	0	0	0	0	0	0	0	1	0	0
kie	0.0	1	0	0	0	0	0	0	0	0	0	0	0	0	0	0	0	0
kia	0.0	1	0	0	1	0	0	0	0	0	0	0	0	0	0	0	0	0
kiE	0.0	1	0	0	0	0	0	0	0	0	0	0	0	0	0	0	0	0
kik	0.0	0	0	0	0	0	0	0	0	0	0	0	0	0	0	0	0	0
kii	0.0	1	0	0	0	0	0	0	0	0	0	0	0	0	0	0	0	0
kiS	0.0	0	0	0	0	0	0	0	0	0	0	0	0	0	0	0	0	0
kiI	0.0	1	0	0	0	0	0	0	0	0	0	0	0	0	0	0	0	0
kis	0.0	0	0	0	0	0	0	0	0	0	0	0	0	0	0	0	0	0
kSe	0.0	0	0	0	0	1	0	0	0	0	0	0	0	0	0	1	0	0
kSa	0.0	0	0	0	1	1	0	0	0	0	0	0	0	0	0	1	0	0
kSE	0.0	0	0	0	0	1	0	0	0	0	0	0	0	0	0	1	0	0
kSk	0.0	0	0	0	0	0	0	0	0	0	0	0	0	0	0	1	0	0
kSi	0.0	0	0	0	0	0	0	0	0	0	0	0	0	0	0	1	0	0
kSS	0.0	0	0	0	0	0	0	0	0	0	0	0	0	0	0	1	0	0
kSI	0.0	0	0	0	0	0	0	0	0	0	0	0	0	0	0	1	0	0
kSs	0.0	0	0	0	0	0	0	0	0	0	0	0	0	0	0	1	0	0
kIe	0.0	1	0	0	0	0	0	0	0	0	0	0	0	0	0	0	0	0
kIa	0.0	1	0	0	1	0	0	0	0	0	0	0	0	0	0	0	0	0
kIE	0.0	1	0	0	0	0	0	0	0	0	0	0	0	0	0	0	0	0
kIk	0.0	0	0	0	0	0	0	0	0	0	0	0	0	0	0	0	0	0
kIi	0.0	1	0	0	0	0	0	0	0	0	0	0	0	0	0	0	0	0
kIS	0.0	0	0	0	0	0	0	0	0	0	0	0	0	0	0	0	0	0
kII	0.0	1	0	0	0	0	0	0	0	0	0	0	0	0	0	0	0	0
kIs	0.0	0	0	0	0	0	0	0	0	0	0	0	0	0	0	0	0	0
kse	0.0	0	0	0	0	0	0	0	0	0	0	0	0	0	0	1	0	0
ksa	0.0	0	0	0	1	0	0	0	0	0	0	0	0	0	0	1	0	0
ksE	0.0	0	0	0	0	0	0	0	0	0	0	0	0	0	0	1	0	0
ksk	0.0	0	0	0	0	0	0	0	0	0	0	0	0	0	0	1	0	0
ksi	0.0	0	0	0	0	0	0	0	0	0	0	0	0	0	0	1	0	0
ksS	0.0	0	0	0	0	0	0	0	0	0	0	0	0	0	0	1	0	0
ksI	0.0	0	0	0	0	0	0	0	0	0	0	0	0	0	0	1	0	0
kss	0.0	0	0	0	0	0	0	0	0	0	0	0	0	0	0	1	0	0
iee	0.0	1	0	0	0	0	0	1	0	0	1	0	0	0	0	0	0	0
iea	0.0	1	0	0	1	0	0	1	0	0	0	0	0	0	0	0	0	0
ieE	0.0	1	0	0	0	0	0	1	0	0	0	0	0	0	0	0	0	0
iek	0.0	1	0	0	0	0	0	0	0	0	0	0	0	0	0	0	0	0
iei	0.0	1	0	0	0	0	0	0	0	0	0	0	0	0	0	0	0	0
ieS	0.0	1	0	0	0	0	0	0	0	0	0	0	0	0	0	0	0	1
ieI	0.0	1	0	0	0	0	0	0	0	0	0	0	0	0	0	0	0	0
ies	0.0	1	0	0	0	0	0	0	0	0	0	0	0	0	0	0	0	0
iae	0.0	1	0	0	1	0	0	1	0	0	1	0	0	0	0	0	0	0
iaa	0.0	1	0	0	1	0	0	1	0	0	0	0	0	0	0	0	0	0
iaE	0.0	1	0	0	1	0	0	1	0	0	0	0	0	0	0	0	0	0
iak	0.0	1	0	0	1	0	0	0	0	0	0	0	0	0	0	0	0	0
iai	0.0	1	0	0	1	0	0	0	0	0	0	0	0	0	0	0	0	0
iaS	0.0	1	0	0	1	0	0	0	0	0	0	0	0	0	0	0	0	0
iaI	0.0	1	0	0	1	0	0	0	0	0	0	0	0	0	0	0	0	0
ias	0.0	1	0	0	1	0	0	0	0	0	0	0	0	0	0	0	0	0
iEe	0.0	1	0	0	0	0	0	1	0	0	1	0	0	0	0	0	0	0
iEa	0.0	1	0	0	1	0	0	1	0	0	0	0	0	0	0	0	0	0
iEE	0.0	1	0	0	0	0	0	1	0	0	0	0	0	0	0	0	0	0
iEk	0.0	1	0	0	0	0	0	0	0	0	0	0	0	0	0	0	0	0
iEi	0.0	1	0	0	0	0	0	0	0	0	0	0	0	0	0	0	0	0
iES	0.0	1	0	0	0	0	0	0	0	0	0	0	0	0	0	0	0	1
iEI	0.0	1	0	0	0	0	0	0	0	0	0	0	0	0	0	0	0	0
iEs	0.0	1	0	0	0	0	0	0	0	0	0	0	0	0	0	0	0	0
ike	0.0	0	0	0	0	0	0	1	0	0	1	1	0	0	0	0	0	0
ika	0.0	0	0	0	1	0	0	1	0	0	0	0	0	0	0	0	0	0
ikE	0.0	0	0	0	0	0	0	1	0	0	0	0	0	0	0	0	0	0
ikk	0.0	0	0	0	0	0	0	0	0	0	0	0	0	0	0	1	0	0
iki	0.0	0	0	0	0	0	0	0	0	0	0	1	0	0	0	0	0	0
ikS	0.0	0	0	0	0	0	0	0	0	0	0	0	0	0	0	1	0	0
iks	0.0	0	0	0	0	0	0	0	0	0	0	0	0	0	0	1	0	0
iie	0.0	1	0	0	0	0	0	1	0	0	1	0	0	0	0	0	0	0
iia	0.0	1	0	0	1	0	0	1	0	0	0	0	0	0	0	0	0	0
iiE	0.0	1	0	0	0	0	0	1	0	0	0	0	0	0	0	0	0	0
iik	0.0	1	0	0	0	0	0	0	0	0	0	0	0	0	0	0	0	0
iii	0.0	1	0	0	0	0	0	0	0	0	0	0	0	0	0	0	0	0
iiS	0.0	1	0	0	0	0	0	0	0	0	0	0	0	0	0	0	0	0
iiI	0.0	1	0	0	0	0	0	0	0	0	0	0	0	0	0	0	0	0
iis	0.0	1	0	0	0	0	0	0	0	0	0	0	0	0	0	0	0	0
iSe	0.0	0	0	0	0	1	0	1	0	0	1	0	1	0	0	0	0	0
iSa	0.0	0	0	0	1	1	0	1	0	0	0	0	0	0	0	0	0	0
iSE	0.0	0	0	0	0	1	0	1	0	0	0	0	0	0	0	0	0	0
iSk	0.0	0	0	0	0	0	0	0	0	0	0	0	0	0	0	1	0	0
iSi	0.0	0	0	0	0	0	0	0	0	0	0	0	1	0	0	0	0	0
iSS	0.0	0	0	0	0	0	0	0	0	0	0	0	0	0	0	1	0	0
iSs	0.0	0	0	0	0	0	0	0	0	0	0	0	0	0	0	1	0	0
iIe	0.0	1	0	0	0	0	0	1	0	0	1	0	0	0	0	0	0	0
iIa	0.0	1	0	0	1	0	0	1	0	0	0	0	0	0	0	0	0	0
iIE	0.0	1	0	0	0	0	0	1	0	0	0	0	0	0	0	0	0	0
iIk	0.0	1	0	0	0	0	0	0	0	0	0	0	0	0	0	0	0	0
iIi	0.0	1	0	0	0	0	0	0	0	0	0	0	0	0	0	0	0	0
iIS	0.0	1	0	0	0	0	0	0	0	0	0	0	0	0	0	0	0	0
iII	0.0	1	0	0	0	0	0	0	0	0	0	0	0	0	0	0	0	0
iIs	0.0	1	0	0	0	0	0	0	0	0	0	0	0	0	0	0	0	0
ise	0.0	0	0	0	0	0	0	1	0	0	1	0	0	0	0	0	0	0
isa	0.0	0	0	0	1	0	0	1	0	0	0	0	0	0	0	0	0	0
isE	0.0	0	0	0	0	0	0	1	0	0	0	0	0	0	0	0	0	0
isk	0.0	0	0	0	0	0	0	0	0	0	0	0	0	0	0	1	0	0
isS	0.0	0	0	0	0	0	0	0	0	0	0	0	0	0	0	1	0	0
iss	0.0	0	0	0	0	0	0	0	0	0	0	0	0	0	0	1	0	0
See	0.0	1	0	0	0	1	0	0	0	0	0	0	0	0	0	0	0	0
Sea	0.0	1	0	0	1	1	0	0	0	0	0	0	0	0	0	0	0	0
SeE	0.0	1	0	0	0	1	0	0	0	0	0	0	0	0	0	0	0	0
Sek	0.0	0	0	0	0	1	0	0	0	0	0	0	0	0	0	0	0	0
Sei	0.0	1	0	0	0	1	0	0	0	0	0	0	0	0	0	0	0	0
SeS	0.0	0	0	0	0	1	0	0	0	0	0	0	0	0	0	0	0	1
SeI	0.0	1	0	0	0	1	0	0	0	0	0	0	0	0	0	0	0	0
Ses	0.0	0	0	0	0	1	0	0	0	0	0	0	0	0	0	0	0	0
Sae	0.0	1	0	0	1	1	0	0	0	0	0	0	0	0	0	0	0	0
Saa	0.0	1	0	0	1	1	0	0	0	0	0	0	0	0	0	0	0	0
SaE	0.0	1	0	0	1	1	0	0	0	0	0	0	0	0	0	0	0	0
Sak	0.0	0	0	0	1	1	0	0	0	0	0	0	0	0	0	0	0	0
Sai	0.0	1	0	0	1	1	0	0	0	0	0	0	0	0	0	0	0	0
SaS	0.0	0	0	0	1	1	0	0	0	0	0	0	0	0	0	0	0	0
SaI	0.0	1	0	0	1	1	0	0	0	0	0	0	0	0	0	0	0	0
Sas	0.0	0	0	0	1	1	0	0	0	0	0	0	0	0	0	0	0	0
SEe	0.0	1	0	0	0	1	0	0	0	0	0	0	0	0	0	0	0	0
SEa	0.0	1	0	0	1	1	0	0	0	0	0	0	0	0	0	0	0	0
SEE	0.0	1	0	0	0	1	0	0	0	0	0	0	0	0	0	0	0	0
SEk	0.0	0	0	0	0	1	0	0	0	0	0	0	0	0	0	0	0	0
SEi	0.0	1	0	0	0	1	0	0	0	0	0	0	0	0	0	0	0	0
SES	0.0	0	0	0	0	1	0	0	0	0	0	0	0	0	0	0	0	1
SEI	0.0	1	0	0	0	1	0	0	0	0	0	0	0	0	0	0	0	0
SEs	0.0	0	0	0	0	1	0	0	0	0	0	0	0	0	0	0	0	0
Ske	0.0	0	0	0	0	0	0	0	0	0	0	0	0	0	0	1	0	0
Ska	0.0	0	0	0	1	0	0	0	0	0	0	0	0	0	0	1	0	0
SkE	0.0	0	0	0	0	0	0	0	0	0	0	0	0	0	0	1	0	0
Skk	0.0	0	0	0	0	0	0	0	0	0	0	0	0	0	0	1	0	0
Ski	0.0	0	0	0	0	0	0	0	0	0	0	0	0	0	0	1	0	0
SkS	0.0	0	0	0	0	0	0	0	0	0	0	0	0	0	0	1	0	0
SkI	0.0	0	0	0	0	0	0	0	0	0	0	0	0	0	0	1	0	0
Sks	0.0	0	0	0	0	0	0	0	0	0	0	0	0	0	0	1	0	0
Sie	0.0	1	0	0	0	0	0	0	0	0	0	0	0	0	0	0	0	0
Sia	0.0	1	0	0	1	0	0	0	0	0	0	0	0	0	0	0	0	0
SiE	0.0	1	0	0	0	0	0	0	0	0	0	0	0	0	0	0	0	0
Sik	0.0	0	0	0	0	0	0	0	0	0	0	0	0	0	0	0	0	0
Sii	0.0	1	0	0	0	0	0	0	0	0	0	0	0	0	0	0	0	0
SiS	0.0	0	0	0	0	0	0	0	0	0	0	0	0	0	0	0	0	0
SiI	0.0	1	0	0	0	0	0	0	0	0	0	0	0	0	0	0	0	0
Sis	0.0	0	0	0	0	0	0	0	0	0	0	0	0	0	0	0	0	0
SSe	0.0	0	0	0	0	1	0	0	0	0	0	0	0	0	0	1	0	0
SSa	0.0	0	0	0	1	1	0	0	0	0	0	0	0	0	0	1	0	0
SSE	0.0	0	0	0	0	1	0	0	0	0	0	0	0	0	0	1	0	0
SSk	0.0	0	0	0	0	0	0	0	0	0	0	0	0	0	0	1	0	0
SSi	0.0	0	0	0	0	0	0	0	0	0	0	0	0	0	0	1	0	0
SSS	0.0	0	0	0	0	0	0	0	0	0	0	0	0	0	0	1	0	0
SSI	0.0	0	0	0	0	0	0	0	0	0	0	0	0	0	0	1	0	0
SSs	0.0	0	0	0	0	0	0	0	0	0	0	0	0	0	0	1	0	0
SIe	0.0	1	0	0	0	0	0	0	0	0	0	0	0	0	0	0	0	0
SIa	0.0	1	0	0	1	0	0	0	0	0	0	0	0	0	0	0	0	0
SIE	0.0	1	0	0	0	0	0	0	0	0	0	0	0	0	0	0	0	0
SIk	0.0	0	0	0	0	0	0	0	0	0	0	0	0	0	0	0	0	0
SIi	0.0	1	0	0	0	0	0	0	0	0	0	0	0	0	0	0	0	0
SIS	0.0	0	0	0	0	0	0	0	0	0	0	0	0	0	0	0	0	0
SII	0.0	1	0	0	0	0	0	0	0	0	0	0	0	0	0	0	0	0
SIs	0.0	0	0	0	0	0	0	0	0	0	0	0	0	0	0	0	0	0
Sse	0.0	0	0	0	0	0	0	0	0	0	0	0	0	0	0	1	0	0
Ssa	0.0	0	0	0	1	0	0	0	0	0	0	0	0	0	0	1	0	0
SsE	0.0	0	0	0	0	0	0	0	0	0	0	0	0	0	0	1	0	0
Ssk	0.0	0	0	0	0	0	0	0	0	0	0	0	0	0	0	1	0	0
Ssi	0.0	0	0	0	0	0	0	0	0	0	0	0	0	0	0	1	0	0
SsS	0.0	0	0	0	0	0	0	0	0	0	0	0	0	0	0	1	0	0
SsI	0.0	0	0	0	0	0	0	0	0	0	0	0	0	0	0	1	0	0
Sss	0.0	0	0	0	0	0	0	0	0	0	0	0	0	0	0	1	0	0
Iee	0.0	1	0	0	0	0	0	1	0	0	0	0	0	0	0	0	0	0
Iea	0.0	1	0	0	1	0	0	1	1	0	0	0	0	0	0	0	0	0
IeE	0.0	1	0	0	0	0	0	1	1	0	0	0	0	0	0	0	0	0
Iek	0.0	1	0	0	0	0	0	0	0	0	0	0	0	0	0	0	0	0
Iei	0.0	1	0	0	0	0	0	0	0	0	0	0	0	0	0	0	0	0
IeS	0.0	1	0	0	0	0	0	0	0	0	0	0	0	0	0	0	0	1
IeI	0.0	1	0	0	0	0	0	0	0	0	0	0	0	0	0	0	0	0
Ies	0.0	1	0	0	0	0	0	0	0	0	0	0	0	0	0	0	0	0
Iae	0.0	1	0	0	1	0	0	1	0	0	0	0	0	0	0	0	0	0
Iaa	0.0	1	0	0	1	0	0	1	1	0	0	0	0	0	0	0	0	0
IaE	0.0	1	0	0	1	0	0	1	1	0	0	0	0	0	0	0	0	0
Iak	0.0	1	0	0	1	0	0	0	0	0	0	0	0	0	0	0	0	0
Iai	0.0	1	0	0	1	0	0	0	0	0	0	0	0	0	0	0	0	0
IaS	0.0	1	0	0	1	0	0	0	0	0	0	0	0	0	0	0	0	0
IaI	0.0	1	0	0	1	0	0	0	0	0	0	0	0	0	0	0	0	0
Ias	0.0	1	0	0	1	0	0	0	0	0	0	0	0	0	0	0	0	0
IEe	0.0	1	0	0	0	0	0	1	0	0	0	0	0	0	0	0	0	0
IEa	0.0	1	0	0	1	0	0	1	1	0	0	0	0	0	0	0	0	0
IEE	0.0	1	0	0	0	0	0	1	1	0	0	0	0	0	0	0	0	0
IEk	0.0	1	0	0	0	0	0	0	0	0	0	0	0	0	0	0	0	0
IEi	0.0	1	0	0	0	0	0	0	0	0	0	0	0	0	0	0	0	0
IES	0.0	1	0	0	0	0	0	0	0	0	0	0	0	0	0	0	0	1
IEI	0.0	1	0	0	0	0	0	0	0	0	0	0	0	0	0	0	0	0
IEs	0.0	1	0	0	0	0	0	0	0	0	0	0	0	0	0	0	0	0
Ike	0.0	0	0	0	0	0	0	1	0	0	0	0	0	0	0	0	0	0
Ika	0.0	0	0	0	1	0	0	1	1	0	0	0	0	1	0	0	0	0
IkE	0.0	0	0	0	0	0	0	1	1	0	0	0	0	1	0	0	0	0
Ikk	0.0	0	0	0	0	0	0	0	0	0	0	0	0	0	0	1	0	0
IkS	0.0	0	0	0	0	0	0	0	0	0	0	0	0	0	0	1	0	0
IkI	0.0	0	0	0	0	0	0	0	0	0	0	0	0	1	0	0	0	0
Iks	0.0	0	0	0	0	0	0	0	0	0	0	0	0	0	0	1	0	0
Iie	0.0	1	0	0	0	0	0	1	0	0	0	0	0	0	0	0	0	0
Iia	0.0	1	0	0	1	0	0	1	1	0	0	0	0	0	0	0	0	0
IiE	0.0	1	0	0	0	0	0	1	1	0	0	0	0	0	0	0	0	0
Iik	0.0	1	0	0	0	0	0	0	0	0	0	0	0	0	0	0	0	0
Iii	0.0	1	0	0	0	0	0	0	0	0	0	0	0	0	0	0	0	0
IiS	0.0	1	0	0	0	0	0	0	0	0	0	0	0	0	0	0	0	0
IiI	0.0	1	0	0	0	0	0	0	0	0	0	0	0	0	0	0	0	0
Iis	0.0	1	0	0	0	0	0	0	0	0	0	0	0	0	0	0	0	0
ISe	0.0	0	0	0	0	1	0	1	0	0	0	0	0	0	0	0	0	0
ISa	0.0	0	0	0	1	1	0	1	1	0	0	0	0	0	1	0	0	0
ISE	0.0	0	0	0	0	1	0	1	1	0	0	0	0	0	1	0	0	0
ISk	0.0	0	0	0	0	0	0	0	0	0	0	0	0	0	0	1	0	0
ISS	0.0	0	0	0	0	0	0	0	0	0	0	0	0	0	0	1	0	0
ISI	0.0	0	0	0	0	0	0	0	0	0	0	0	0	0	1	0	0	0
ISs	0.0	0	0	0	0	0	0	0	0	0	0	0	0	0	0	1	0	0
IIe	0.0	1	0	0	0	0	0	1	0	0	0	0	0	0	0	0	0	0
IIa	0.0	1	0	0	1	0	0	1	1	0	0	0	0	0	0	0	0	0
IIE	0.0	1	0	0	0	0	0	1	1	0	0	0	0	0	0	0	0	0
IIk	0.0	1	0	0	0	0	0	0	0	0	0	0	0	0	0	0	0	0
IIi	0.0	1	0	0	0	0	0	0	0	0	0	0	0	0	0	0	0	0
IIS	0.0	1	0	0	0	0	0	0	0	0	0	0	0	0	0	0	0	0
III	0.0	1	0	0	0	0	0	0	0	0	0	0	0	0	0	0	0	0
IIs	0.0	1	0	0	0	0	0	0	0	0	0	0	0	0	0	0	0	0
Ise	0.0	0	0	0	0	0	0	1	0	0	0	0	0	0	0	0	0	0
Isa	0.0	0	0	0	1	0	0	1	1	0	0	0	0	0	0	0	0	0
IsE	0.0	0	0	0	0	0	0	1	1	0	0	0	0	0	0	0	0	0
Isk	0.0	0	0	0	0	0	0	0	0	0	0	0	0	0	0	1	0	0
IsS	0.0	0	0	0	0	0	0	0	0	0	0	0	0	0	0	1	0	0
Iss	0.0	0	0	0	0	0	0	0	0	0	0	0	0	0	0	1	0	0
see	0.0	1	0	0	0	0	0	0	0	0	0	0	0	0	0	0	0	0
sea	0.0	1	0	0	1	0	0	0	0	0	0	0	0	0	0	0	0	0
seE	0.0	1	0	0	0	0	0	0	0	0	0	0	0	0	0	0	0	0
sek	0.0	0	0	0	0	0	0	0	0	0	0	0	0	0	0	0	0	0
sei	0.0	1	0	0	0	0	0	0	0	0	0	0	0	0	0	0	0	0
seS	0.0	0	0	0	0	0	0	0	0	0	0	0	0	0	0	0	0	1
seI	0.0	1	0	0	0	0	0	0	0	0	0	0	0	0	0	0	0	0
ses	0.0	0	0	0	0	0	0	0	0	0	0	0	0	0	0	0	0	0
sae	0.0	1	0	0	1	0	0	0	0	0	0	0	0	0	0	0	0	0
saa	0.0	1	0	0	1	0	0	0	0	0	0	0	0	0	0	0	0	0
saE	0.0	1	0	0	1	0	0	0	0	0	0	0	0	0	0	0	0	0
sak	0.0	0	0	0	1	0	0	0	0	0	0	0	0	0	0	0	0	0
sai	0.0	1	0	0	1	0	0	0	0	0	0	0	0	0	0	0	0	0
saS	0.0	0	0	0	1	0	0	0	0	0	0	0	0	0	0	0	0	0
saI	0.0	1	0	0	1	0	0	0	0	0	0	0	0	0	0	0	0	0
sas	0.0	0	0	0	1	0	0	0	0	0	0	0	0	0	0	0	0	0
sEe	0.0	1	0	0	0	0	0	0	0	0	0	0	0	0	0	0	0	0
sEa	0.0	1	0	0	1	0	0	0	0	0	0	0	0	0	0	0	0	0
sEE	0.0	1	0	0	0	0	0	0	0	0	0	0	0	0	0	0	0	0
sEk	0.0	0	0	0	0	0	0	0	0	0	0	0	0	0	0	0	0	0
sEi	0.0	1	0	0	0	0	0	0	0	0	0	0	0	0	0	0	0	0
sES	0.0	0	0	0	0	0	0	0	0	0	0	0	0	0	0	0	0	1
sEI	0.0	1	0	0	0	0	0	0	0	0	0	0	0	0	0	0	0	0
sEs	0.0	0	0	0	0	0	0	0	0	0	0	0	0	0	0	0	0	0
ske	0.0	0	0	0	0	0	0	0	0	0	0	0	0	0	0	1	0	0
ska	0.0	0	0	0	1	0	0	0	0	0	0	0	0	0	0	1	0	0
skE	0.0	0	0	0	0	0	0	0	0	0	0	0	0	0	0	1	0	0
skk	0.0	0	0	0	0	0	0	0	0	0	0	0	0	0	0	1	0	0
ski	0.0	0	0	0	0	0	0	0	0	0	0	0	0	0	0	1	0	0
skS	0.0	0	0	0	0	0	0	0	0	0	0	0	0	0	0	1	0	0
skI	0.0	0	0	0	0	0	0	0	0	0	0	0	0	0	0	1	0	0
sks	0.0	0	0	0	0	0	0	0	0	0	0	0	0	0	0	1	0	0
sie	0.0	1	0	0	0	0	0	0	0	0	0	0	0	0	0	0	0	0
sia	0.0	1	0	0	1	0	0	0	0	0	0	0	0	0	0	0	0	0
siE	0.0	1	0	0	0	0	0	0	0	0	0	0	0	0	0	0	0	0
sik	0.0	0	0	0	0	0	0	0	0	0	0	0	0	0	0	0	0	0
sii	0.0	1	0	0	0	0	0	0	0	0	0	0	0	0	0	0	0	0
siS	0.0	0	0	0	0	0	0	0	0	0	0	0	0	0	0	0	0	0
siI	0.0	1	0	0	0	0	0	0	0	0	0	0	0	0	0	0	0	0
sis	0.0	0	0	0	0	0	0	0	0	0	0	0	0	0	0	0	0	0
sSe	0.0	0	0	0	0	1	0	0	0	0	0	0	0	0	0	1	0	0
sSa	0.0	0	0	0	1	1	0	0	0	0	0	0	0	0	0	1	0	0
sSE	0.0	0	0	0	0	1	0	0	0	0	0	0	0	0	0	1	0	0
sSk	0.0	0	0	0	0	0	0	0	0	0	0	0	0	0	0	1	0	0
sSi	0.0	0	0	0	0	0	0	0	0	0	0	0	0	0	0	1	0	0
sSS	0.0	0	0	0	0	0	0	0	0	0	0	0	0	0	0	1	0	0
sSI	0.0	0	0	0	0	0	0	0	0	0	0	0	0	0	0	1	0	0
sSs	0.0	0	0	0	0	0	0	0	0	0	0	0	0	0	0	1	0	0
sIe	0.0	1	0	0	0	0	0	0	0	0	0	0	0	0	0	0	0	0
sIa	0.0	1	0	0	1	0	0	0	0	0	0	0	0	0	0	0	0	0
sIE	0.0	1	0	0	0	0	0	0	0	0	0	0	0	0	0	0	0	0
sIk	0.0	0	0	0	0	0	0	0	0	0	0	0	0	0	0	0	0	0
sIi	0.0	1	0	0	0	0	0	0	0	0	0	0	0	0	0	0	0	0
sIS	0.0	0	0	0	0	0	0	0	0	0	0	0	0	0	0	0	0	0
sII	0.0	1	0	0	0	0	0	0	0	0	0	0	0	0	0	0	0	0
sIs	0.0	0	0	0	0	0	0	0	0	0	0	0	0	0	0	0	0	0
sse	0.0	0	0	0	0	0	0	0	0	0	0	0	0	0	0	1	0	0
ssa	0.0	0	0	0	1	0	0	0	0	0	0	0	0	0	0	1	0	0
ssE	0.0	0	0	0	0	0	0	0	0	0	0	0	0	0	0	1	0	0
ssk	0.0	0	0	0	0	0	0	0	0	0	0	0	0	0	0	1	0	0
ssi	0.0	0	0	0	0	0	0	0	0	0	0	0	0	0	0	1	0	0
ssS	0.0	0	0	0	0	0	0	0	0	0	0	0	0	0	0	1	0	0
ssI	0.0	0	0	0	0	0	0	0	0	0	0	0	0	0	0	1	0	0
sss	0.0	0	0	0	0	0	0	0	0	0	0	0	0	0	0	1	0	0
